9||8||4||01101111100110011111010111111110
5||8||5||0111011110110001111010011000111111001110
8||8||4||01101111100111111111100111111111
h||8||4||10001000111111111001100110011001
m/||8||11||0000000000100000000011000000000101111111101011011011110100110111101001101110010011011100
22||8||12||001100001100011110011110010011010011000111000111001110001110011100011100011100011100111111111111
0||8||4||01101111100110011001100111110110
2||8||6||001100011110010011000111001110011100011100111111
7||8||4||11111111001101100110011001001100
8||8||4||01101111111111111111100111111111
1||8||3||001011111011011011011011
m/||7||11||00000000011000000000101111111101010011011010100110111101001101110010011011100
3||8||4||01101111001101110011000111111110
4||8||5||0001000110011100111011110111111111100010
m/||8||11||0000000000100000000011000000000101111111101011011011010100110111101001101110010011011100
9||8||4||01101111100110011111011111111110
2||8||6||001100011111010011000111001110011100011100111111
22||8||12||001100001100011111011111010011010011000111000111001110001110011100011100011100011100111111111111
6||8||4||01101111100011111111100111110111
k||8||4||10001000101111101110111010111001
k||8||4||10001000101111111110111010111001
m/||7||11||00000000011000000000101111111101011011011010100110111101001101110010011011100
